/*--------------------------------*- C++ -*----------------------------------*\
| =========                 |                                                 |
| \\      /  F ield         | foam-extend: Open Source CFD                    |
|  \\    /   O peration     | Version:     4.1                                |
|   \\  /    A nd           | Web:         http://www.foam-extend.org         |
|    \\/     M anipulation  |                                                 |
\*---------------------------------------------------------------------------*/
FoamFile
{
    version     2.0;
    format      binary;
    class       faceSet;
    location    "constant/polyMesh/sets";
    object      inlet;
}
// * * * * * * * * * * * * * * * * * * * * * * * * * * * * * * * * * * * * * //


400
(
25601 
25091 
24583 
25607 
26632 
24584 
24585 
24586 
24587 
24588 
25100 
25612 
24589 
26638 
24590 
24592 
24593 
24594 
24595 
26644 
24596 
24597 
25109 
24598 
26647 
24600 
24601 
25114 
24602 
26650 
24604 
24605 
24606 
26654 
24607 
24608 
26657 
24610 
24611 
24612 
24613 
24614 
26664 
24616 
24617 
24618 
26667 
24620 
24621 
24622 
25134 
24623 
24624 
24625 
25137 
24626 
24627 
24628 
24629 
25141 
24631 
24632 
24633 
25145 
24634 
24635 
24637 
24638 
24640 
24641 
24642 
24643 
25156 
24644 
24645 
24646 
24647 
24648 
24649 
24650 
24652 
24653 
24654 
24656 
25684 
24660 
24662 
24663 
24664 
25688 
24665 
24668 
25693 
24670 
24671 
24672 
24673 
24675 
25699 
24676 
26212 
25701 
24677 
24678 
25703 
24680 
25705 
24681 
25707 
24684 
25709 
24685 
25198 
25711 
24688 
25713 
24689 
24690 
25715 
24692 
25717 
25718 
24695 
25720 
25721 
25722 
24699 
24700 
25724 
25725 
24701 
25726 
24703 
24704 
25728 
25729 
24705 
25731 
24708 
24709 
24711 
25735 
24712 
24714 
25738 
24715 
24716 
24717 
25741 
24718 
24719 
24720 
25744 
24721 
24722 
24723 
24724 
25748 
24726 
24727 
24728 
25752 
24729 
24731 
24732 
25756 
24734 
24735 
24736 
25760 
24738 
24739 
24740 
24741 
24743 
24744 
24745 
24746 
24747 
24749 
24751 
24752 
24753 
24755 
24756 
24758 
24761 
24763 
25787 
24764 
24766 
25790 
24767 
24768 
24769 
25793 
24772 
25796 
24773 
24776 
24778 
24779 
24781 
24782 
24783 
24784 
24785 
24787 
24788 
24789 
24790 
24791 
24792 
24793 
24794 
26330 
24795 
24796 
24797 
24798 
24799 
24800 
24801 
24802 
24803 
24804 
24805 
24806 
24808 
24811 
24812 
24813 
24819 
24820 
24821 
24822 
24824 
24826 
24828 
24830 
24832 
24834 
24835 
24837 
24839 
24841 
24843 
24844 
24845 
24846 
24847 
24849 
24851 
26387 
24852 
24853 
24854 
24855 
24857 
24859 
24863 
24872 
24873 
24877 
24878 
24879 
24880 
26417 
24882 
24883 
24885 
26421 
24888 
24893 
24905 
24922 
24923 
24926 
26465 
24930 
24936 
24938 
24942 
24944 
24945 
24946 
24948 
24950 
24952 
24956 
24958 
24960 
25473 
25996 
26000 
26002 
25490 
25492 
26005 
25494 
26008 
25497 
25498 
26010 
26012 
26015 
25503 
26017 
25507 
26020 
25509 
26023 
25511 
25512 
26024 
25001 
25002 
25514 
25005 
25518 
25007 
25008 
25521 
25010 
25011 
25013 
26551 
25016 
25530 
25019 
25534 
25027 
25542 
25031 
25033 
25034 
25546 
25548 
25036 
25552 
26577 
25555 
25045 
25559 
25047 
25049 
25561 
25564 
25053 
25566 
25055 
25567 
25568 
25569 
25570 
24547 
25571 
25059 
25060 
25572 
24548 
24549 
26597 
25574 
24550 
25575 
25576 
25577 
25578 
25579 
24555 
25580 
24556 
25581 
24557 
25582 
24558 
25583 
24559 
25584 
24560 
25585 
24561 
25586 
24563 
25587 
26611 
25588 
24565 
25589 
25590 
25591 
25592 
25593 
25081 
25594 
24571 
25596 
25597 
24575 
)

// ************************************************************************* //
