/*--------------------------------*- C++ -*----------------------------------*\
| =========                 |                                                 |
| \\      /  F ield         | foam-extend: Open Source CFD                    |
|  \\    /   O peration     | Version:     4.1                                |
|   \\  /    A nd           | Web:         http://www.foam-extend.org         |
|    \\/     M anipulation  |                                                 |
\*---------------------------------------------------------------------------*/
FoamFile
{
    version     2.0;
    format      binary;
    class       faceSet;
    location    "constant/polyMesh/sets";
    object      interface;
}
// * * * * * * * * * * * * * * * * * * * * * * * * * * * * * * * * * * * * * //


206
(
24070 
25094 
24071 
24072 
24073 
25097 
24074 
24075 
24076 
24077 
24078 
24079 
24080 
24081 
24082 
24083 
24084 
24085 
24086 
24087 
24088 
24089 
24090 
24091 
24092 
25117 
24093 
24094 
24095 
25120 
24096 
24097 
24098 
25123 
24099 
24100 
24101 
25126 
24102 
24103 
25128 
24104 
24105 
24106 
24107 
24108 
24109 
24110 
24111 
24112 
24113 
24114 
24115 
24116 
24117 
24118 
24119 
24120 
24121 
24122 
24123 
24124 
24125 
24126 
24127 
24128 
24129 
24130 
24131 
24132 
24133 
24134 
24135 
24136 
24137 
24138 
24139 
24140 
24141 
24142 
24143 
24144 
24145 
24146 
24147 
24148 
24149 
24150 
24151 
24152 
24153 
24154 
24155 
24156 
24157 
24158 
24159 
24160 
24161 
24162 
24163 
24164 
24165 
24166 
24167 
24168 
24169 
24170 
24171 
24172 
24173 
24174 
24175 
24176 
24177 
24178 
24179 
24180 
24181 
24182 
24183 
24184 
24185 
24186 
24187 
24188 
24189 
24190 
24191 
24192 
24193 
24194 
24195 
24196 
24197 
24198 
24199 
24200 
24201 
24202 
24203 
24204 
24205 
24206 
24207 
24208 
24209 
24210 
24211 
24212 
24213 
24214 
24215 
24216 
24217 
24218 
24219 
24220 
24221 
24222 
24223 
24224 
24225 
24226 
24227 
24228 
24229 
24230 
24231 
24232 
24233 
24234 
24235 
24236 
24237 
24238 
24239 
24240 
24241 
24242 
24243 
24244 
24245 
24246 
24247 
24248 
24249 
24250 
24251 
24252 
24253 
24254 
24255 
24256 
24257 
24258 
24259 
24260 
24261 
24921 
24925 
25067 
25070 
25073 
25076 
25079 
)

// ************************************************************************* //
