/*--------------------------------*- C++ -*----------------------------------*\
| =========                 |                                                 |
| \\      /  F ield         | foam-extend: Open Source CFD                    |
|  \\    /   O peration     | Version:     4.1                                |
|   \\  /    A nd           | Web:         http://www.foam-extend.org         |
|    \\/     M anipulation  |                                                 |
\*---------------------------------------------------------------------------*/
FoamFile
{
    version     2.0;
    format      binary;
    class       faceSet;
    location    "constant/polyMesh/sets";
    object      outlet;
}
// * * * * * * * * * * * * * * * * * * * * * * * * * * * * * * * * * * * * * //


400
(
24576 
26113 
24577 
24578 
26626 
24579 
24580 
26628 
24581 
24582 
26118 
26122 
26634 
26126 
26128 
26640 
26129 
26131 
26132 
26646 
26135 
26136 
26138 
26139 
26652 
26144 
26145 
26658 
26150 
26151 
26663 
26152 
26154 
26155 
26156 
26157 
26158 
26159 
26161 
26162 
26165 
26166 
26169 
26171 
26173 
26174 
26175 
26179 
26180 
26183 
26184 
26186 
26188 
26189 
26190 
26191 
26192 
26195 
26196 
26199 
26200 
26202 
26203 
26205 
26206 
26207 
26211 
26217 
26218 
26220 
26221 
26224 
26225 
26228 
26230 
26231 
26233 
26234 
26236 
26238 
26241 
26243 
26246 
26247 
26252 
26255 
26259 
26260 
26264 
26265 
26268 
26271 
26272 
26277 
26279 
26280 
26282 
26283 
26285 
26286 
26288 
26291 
26297 
26301 
26303 
26307 
26310 
26313 
26319 
26324 
26335 
26338 
26341 
26346 
24814 
26351 
24816 
26354 
24818 
26355 
26357 
24823 
26360 
26361 
24825 
24827 
26364 
24829 
26366 
24831 
26367 
24833 
26370 
26371 
24836 
26373 
26374 
26375 
24840 
26377 
26378 
24842 
26381 
26382 
24848 
26385 
24850 
26389 
26391 
24856 
26393 
26395 
24860 
26396 
26398 
24862 
26399 
24864 
24865 
26402 
24867 
24868 
24869 
26405 
26406 
24870 
24871 
26409 
24874 
26411 
24876 
26413 
26414 
26415 
24881 
26419 
26425 
26426 
26427 
26428 
26430 
26431 
26434 
26435 
26436 
26438 
26440 
26442 
26445 
26448 
26452 
24917 
24919 
26455 
26456 
26460 
24928 
26464 
26467 
26468 
24932 
26470 
24934 
26471 
26474 
26475 
26476 
26478 
26480 
26481 
26484 
26485 
26486 
26489 
26491 
26494 
26495 
26497 
26500 
24455 
26503 
24456 
26504 
24457 
26506 
24458 
26507 
24459 
24460 
24461 
24462 
26510 
26511 
24463 
26512 
24464 
24465 
24466 
26514 
24467 
26515 
24468 
26516 
24469 
26518 
26519 
24471 
24472 
24473 
24474 
26522 
24475 
24476 
26524 
24477 
26526 
24478 
24479 
24480 
24481 
26529 
24482 
24483 
24484 
24485 
24486 
26534 
24487 
24488 
24489 
26538 
24490 
26026 
26027 
24491 
26028 
26540 
24492 
26029 
24493 
26030 
24494 
26542 
24495 
26544 
24496 
24497 
26545 
26034 
24498 
24499 
26035 
24500 
26037 
24501 
26038 
24502 
24503 
24504 
24505 
26042 
24506 
24507 
26043 
24508 
26045 
24509 
26558 
26046 
24511 
26048 
24512 
26560 
24513 
26049 
24515 
26052 
24516 
26565 
26054 
24518 
26055 
24519 
26567 
24520 
24521 
24522 
26058 
26570 
24523 
24524 
26060 
24525 
26062 
24526 
24528 
24529 
24530 
24531 
26067 
24532 
26580 
24533 
24534 
26071 
24535 
24536 
26585 
24538 
26075 
24540 
24541 
26077 
24542 
24543 
24544 
26592 
24545 
26081 
24546 
26083 
26595 
26084 
26086 
26087 
24551 
24552 
26600 
24553 
26090 
24554 
26091 
26604 
26093 
26094 
26096 
26608 
26097 
26098 
24562 
26610 
26100 
24564 
26101 
24566 
26614 
24567 
24568 
26104 
26105 
24569 
24570 
26618 
26107 
24572 
26109 
24573 
24574 
26111 
26623 
)

// ************************************************************************* //
