/*--------------------------------*- C++ -*----------------------------------*\
| =========                 |                                                 |
| \\      /  F ield         | foam-extend: Open Source CFD                    |
|  \\    /   O peration     | Version:     4.1                                |
|   \\  /    A nd           | Web:         http://www.foam-extend.org         |
|    \\/     M anipulation  |                                                 |
\*---------------------------------------------------------------------------*/
FoamFile
{
    version     2.0;
    format      binary;
    class       faceSet;
    location    "constant/polyMesh/sets";
    object      wall;
}
// * * * * * * * * * * * * * * * * * * * * * * * * * * * * * * * * * * * * * //


1600
(
26624 
26625 
26627 
26629 
26630 
26631 
26633 
26635 
26636 
26637 
26639 
24591 
26641 
26642 
26643 
26645 
24599 
26648 
26649 
26651 
24603 
26653 
26655 
26656 
24609 
26659 
26660 
26661 
26662 
24615 
26665 
26666 
24619 
26668 
26669 
26670 
26671 
24630 
24636 
24639 
24651 
24655 
24657 
24658 
24659 
24661 
24666 
24667 
24669 
24674 
24679 
24682 
24683 
24686 
24687 
24691 
24693 
24694 
24696 
24697 
24698 
24702 
24706 
24707 
24710 
24713 
24725 
24730 
24733 
24737 
24742 
24748 
24750 
24754 
24757 
24759 
24760 
24762 
24765 
24770 
24771 
24774 
24775 
24777 
24780 
24786 
24807 
24809 
24810 
24815 
24817 
24838 
24858 
24861 
24866 
24875 
24884 
24886 
24887 
24889 
24890 
24891 
24892 
24894 
24895 
24896 
24897 
24898 
24899 
24900 
24901 
24902 
24903 
24904 
24906 
24907 
24908 
24909 
24910 
24911 
24912 
24913 
24914 
24915 
24916 
24918 
24920 
24924 
24927 
24929 
24931 
24933 
24935 
24937 
24939 
24940 
24941 
24943 
24947 
24949 
24951 
24953 
24954 
24955 
24957 
24959 
24961 
24962 
24963 
24964 
24965 
24966 
24967 
24968 
24969 
24970 
24971 
24972 
24973 
24974 
24975 
24976 
24977 
24978 
24979 
24980 
24981 
24982 
24983 
24984 
24985 
24986 
24987 
24988 
24989 
24990 
24991 
24992 
24993 
24994 
24995 
24996 
24997 
24998 
24999 
25000 
25003 
25004 
25006 
25009 
25012 
25014 
25015 
25017 
25018 
25020 
25021 
25022 
25023 
25024 
25025 
25026 
25028 
25029 
25030 
25032 
25035 
25037 
25038 
25039 
25040 
25041 
25042 
25043 
25044 
25046 
25048 
25050 
25051 
25052 
25054 
25056 
25057 
25058 
25061 
25062 
25063 
25064 
25065 
25066 
25068 
25069 
25071 
25072 
25074 
25075 
25077 
25078 
25080 
25082 
25083 
25084 
25085 
25086 
25087 
25088 
25089 
25090 
25092 
25093 
25095 
25096 
25098 
25099 
25101 
25102 
25103 
25104 
25105 
25106 
25107 
25108 
25110 
25111 
25112 
25113 
25115 
25116 
25118 
25119 
25121 
25122 
25124 
25125 
25127 
25129 
25130 
25131 
25132 
25133 
25135 
25136 
25138 
25139 
25140 
25142 
25143 
25144 
25146 
25147 
25148 
25149 
25150 
25151 
25152 
25153 
25154 
25155 
25157 
25158 
25159 
25160 
25161 
25162 
25163 
25164 
25165 
25166 
25167 
25168 
25169 
25170 
25171 
25172 
25173 
25174 
25175 
25176 
25177 
25178 
25179 
25180 
25181 
25182 
25183 
25184 
25185 
25186 
25187 
25188 
25189 
25190 
25191 
25192 
25193 
25194 
25195 
25196 
25197 
25199 
25200 
25201 
25202 
25203 
25204 
25205 
25206 
25207 
25208 
25209 
25210 
25211 
25212 
25213 
25214 
25215 
25216 
25217 
25218 
25219 
25220 
25221 
25222 
25223 
25224 
25225 
25226 
25227 
25228 
25229 
25230 
25231 
25232 
25233 
25234 
25235 
25236 
25237 
25238 
25239 
25240 
25241 
25242 
25243 
25244 
25245 
25246 
25247 
25248 
25249 
25250 
25251 
25252 
25253 
25254 
25255 
25256 
25257 
25258 
25259 
25260 
25261 
25262 
25263 
25264 
25265 
25266 
25267 
25268 
25269 
25270 
25271 
25272 
25273 
25274 
25275 
25276 
25277 
25278 
25279 
25280 
25281 
25282 
25283 
25284 
25285 
25286 
25287 
25288 
25289 
25290 
25291 
25292 
25293 
25294 
25295 
25296 
25297 
25298 
25299 
25300 
25301 
25302 
25303 
25304 
25305 
25306 
25307 
25308 
25309 
25310 
25311 
25312 
25313 
25314 
25315 
25316 
25317 
25318 
25319 
25320 
25321 
25322 
25323 
25324 
25325 
25326 
25327 
25328 
25329 
25330 
25331 
25332 
25333 
25334 
25335 
25336 
25337 
25338 
25339 
25340 
25341 
25342 
25343 
25344 
25345 
25346 
25347 
25348 
25349 
25350 
25351 
25352 
25353 
25354 
25355 
25356 
25357 
25358 
25359 
25360 
25361 
25362 
25363 
25364 
25365 
25366 
25367 
25368 
25369 
25370 
25371 
25372 
25373 
25374 
25375 
25376 
25377 
25378 
25379 
25380 
25381 
25382 
25383 
25384 
25385 
25386 
25387 
25388 
25389 
25390 
25391 
25392 
25393 
25394 
25395 
25396 
25397 
25398 
25399 
25400 
25401 
25402 
25403 
25404 
25405 
25406 
25407 
25408 
25409 
25410 
25411 
25412 
25413 
25414 
25415 
25416 
25417 
25418 
25419 
25420 
25421 
25422 
25423 
25424 
25425 
25426 
25427 
25428 
25429 
25430 
25431 
25432 
25433 
25434 
25435 
25436 
25437 
25438 
25439 
25440 
25441 
25442 
25443 
25444 
25445 
25446 
25447 
25448 
25449 
25450 
25451 
25452 
25453 
25454 
25455 
25456 
25457 
25458 
25459 
25460 
25461 
25462 
25463 
25464 
25465 
25466 
25467 
25468 
25469 
25470 
25471 
25472 
25474 
25475 
25476 
25477 
25478 
25479 
25480 
25481 
25482 
25483 
25484 
25485 
25486 
25487 
25488 
25489 
25491 
25493 
25495 
25496 
25499 
25500 
25501 
25502 
25504 
25505 
25506 
25508 
25510 
25513 
25515 
25516 
25517 
25519 
25520 
25522 
25523 
25524 
25525 
25526 
25527 
25528 
25529 
25531 
25532 
25533 
25535 
25536 
25537 
25538 
25539 
25540 
25541 
25543 
25544 
25545 
25547 
25549 
25550 
25551 
25553 
25554 
25556 
25557 
25558 
25560 
25562 
25563 
25565 
25573 
25595 
25598 
25599 
25600 
25602 
25603 
25604 
25605 
25606 
25608 
25609 
25610 
25611 
25613 
25614 
25615 
25616 
25617 
25618 
25619 
25620 
25621 
25622 
25623 
25624 
25625 
25626 
25627 
25628 
25629 
25630 
25631 
25632 
25633 
25634 
25635 
25636 
25637 
25638 
25639 
25640 
25641 
25642 
25643 
25644 
25645 
25646 
25647 
25648 
25649 
25650 
25651 
25652 
25653 
25654 
25655 
25656 
25657 
25658 
25659 
25660 
25661 
25662 
25663 
25664 
25665 
25666 
25667 
25668 
25669 
25670 
25671 
25672 
25673 
25674 
25675 
25676 
25677 
25678 
25679 
25680 
25681 
25682 
25683 
25685 
25686 
25687 
25689 
25690 
25691 
25692 
25694 
25695 
25696 
25697 
25698 
25700 
25702 
25704 
25706 
25708 
25710 
25712 
25714 
25716 
25719 
25723 
25727 
25730 
25732 
25733 
25734 
25736 
25737 
25739 
25740 
25742 
25743 
25745 
25746 
25747 
25749 
25750 
25751 
25753 
25754 
25755 
25757 
25758 
25759 
25761 
25762 
25763 
25764 
25765 
25766 
25767 
25768 
25769 
25770 
25771 
25772 
25773 
25774 
25775 
25776 
25777 
25778 
25779 
25780 
25781 
25782 
25783 
25784 
25785 
25786 
25788 
25789 
25791 
25792 
25794 
25795 
25797 
25798 
25799 
25800 
25801 
25802 
25803 
25804 
25805 
25806 
25807 
25808 
25809 
25810 
25811 
25812 
25813 
25814 
25815 
25816 
25817 
25818 
25819 
25820 
25821 
25822 
25823 
25824 
25825 
25826 
25827 
25828 
25829 
25830 
25831 
25832 
25833 
25834 
25835 
25836 
25837 
25838 
25839 
25840 
25841 
25842 
25843 
25844 
25845 
25846 
25847 
25848 
25849 
25850 
25851 
25852 
25853 
25854 
25855 
25856 
25857 
25858 
25859 
25860 
25861 
25862 
25863 
25864 
25865 
25866 
25867 
25868 
25869 
25870 
25871 
25872 
25873 
25874 
25875 
25876 
25877 
25878 
25879 
25880 
25881 
25882 
25883 
25884 
25885 
25886 
25887 
25888 
25889 
25890 
25891 
25892 
25893 
25894 
25895 
25896 
25897 
25898 
25899 
25900 
25901 
25902 
25903 
25904 
25905 
25906 
25907 
25908 
25909 
25910 
25911 
25912 
25913 
25914 
25915 
25916 
25917 
25918 
25919 
25920 
25921 
25922 
25923 
25924 
25925 
25926 
25927 
25928 
25929 
25930 
25931 
25932 
25933 
25934 
25935 
25936 
25937 
25938 
25939 
25940 
25941 
25942 
25943 
25944 
25945 
25946 
25947 
25948 
25949 
25950 
25951 
25952 
25953 
25954 
25955 
25956 
25957 
25958 
25959 
25960 
25961 
25962 
25963 
25964 
25965 
25966 
25967 
25968 
25969 
25970 
25971 
25972 
25973 
25974 
25975 
25976 
25977 
25978 
25979 
25980 
25981 
25982 
25983 
25984 
25985 
25986 
25987 
25988 
25989 
25990 
25991 
25992 
25993 
25994 
25995 
25997 
25998 
25999 
26001 
26003 
26004 
26006 
26007 
26009 
26011 
26013 
26014 
26016 
26018 
26019 
26021 
26022 
26025 
26031 
26032 
26033 
26036 
26039 
26040 
26041 
26044 
26047 
26050 
26051 
26053 
26056 
26057 
26059 
26061 
26063 
26064 
26065 
26066 
26068 
26069 
26070 
26072 
26073 
26074 
26076 
26078 
26079 
26080 
26082 
26085 
26088 
26089 
26092 
26095 
26099 
26102 
26103 
26106 
26108 
26110 
26112 
26114 
24066 
26115 
24067 
26116 
24068 
26117 
24069 
26119 
26120 
26121 
26123 
26124 
26125 
26127 
26130 
26133 
26134 
26137 
26140 
26141 
26142 
26143 
26146 
26147 
26148 
26149 
26153 
26160 
26163 
26164 
26167 
26168 
26170 
26172 
26176 
26177 
26178 
26181 
26182 
26185 
26187 
26193 
26194 
26197 
26198 
26201 
26204 
26208 
26209 
26210 
26213 
26214 
26215 
26216 
26219 
26222 
26223 
26226 
26227 
26229 
26232 
26235 
26237 
26239 
26240 
26242 
26244 
26245 
26248 
26249 
26250 
26251 
26253 
26254 
26256 
26257 
26258 
26261 
26262 
26263 
26266 
26267 
26269 
26270 
26273 
26274 
26275 
26276 
26278 
26281 
26284 
26287 
26289 
26290 
26292 
26293 
26294 
26295 
26296 
26298 
26299 
26300 
26302 
26304 
26305 
26306 
26308 
26309 
24262 
24263 
26311 
24264 
26312 
24265 
26314 
24266 
26315 
24267 
26316 
24268 
24269 
26317 
24270 
26318 
24271 
26320 
24272 
26321 
24273 
24274 
26322 
26323 
24275 
24276 
24277 
26325 
26326 
24278 
26327 
24279 
26328 
24280 
24281 
26329 
24282 
26331 
24283 
26332 
24284 
24285 
26333 
26334 
24286 
24287 
26336 
24288 
26337 
24289 
24290 
26339 
24291 
26340 
24292 
24293 
24294 
26342 
26343 
24295 
26344 
24296 
26345 
24297 
24298 
26347 
24299 
26348 
24300 
26349 
24301 
26350 
24302 
24303 
26352 
24304 
26353 
24305 
24306 
24307 
26356 
24308 
24309 
26358 
24310 
26359 
24311 
24312 
24313 
26362 
24314 
26363 
24315 
24316 
26365 
24317 
24318 
24319 
26368 
24320 
26369 
24321 
24322 
24323 
26372 
24324 
24325 
24326 
24327 
26376 
24328 
24329 
24330 
26379 
24331 
26380 
24332 
24333 
24334 
26383 
24335 
26384 
24336 
24337 
26386 
24338 
24339 
26388 
24340 
24341 
26390 
24342 
24343 
26392 
24344 
24345 
26394 
24346 
24347 
24348 
26397 
24349 
24350 
24351 
26400 
24352 
26401 
24353 
24354 
26403 
24355 
26404 
24356 
24357 
24358 
26407 
24359 
26408 
24360 
24361 
26410 
24362 
24363 
26412 
24364 
24365 
24366 
24367 
26416 
24368 
24369 
26418 
24370 
24371 
26420 
24372 
24373 
26422 
24374 
26423 
24375 
26424 
24376 
24377 
24378 
24379 
24380 
26429 
24381 
24382 
24383 
26432 
24384 
26433 
24385 
24386 
24387 
24388 
26437 
24389 
24390 
26439 
24391 
24392 
26441 
24393 
24394 
26443 
24395 
26444 
24396 
24397 
24398 
26446 
26447 
24399 
24400 
26449 
24401 
26450 
24402 
26451 
24403 
24404 
26453 
24405 
26454 
24406 
24407 
24408 
26457 
24409 
26458 
24410 
26459 
24411 
24412 
26461 
24413 
26462 
24414 
26463 
24415 
24416 
24417 
26466 
24418 
24419 
24420 
26469 
24421 
24422 
24423 
26472 
24424 
26473 
24425 
24426 
24427 
24428 
26477 
24429 
24430 
24431 
26479 
24432 
24433 
26482 
24434 
26483 
24435 
24436 
24437 
24438 
26487 
24439 
26488 
24440 
24441 
26490 
24442 
24443 
26492 
24444 
26493 
24445 
24446 
24447 
26496 
24448 
24449 
26498 
24450 
26499 
24451 
24452 
26501 
24453 
26502 
24454 
26505 
26508 
26509 
26513 
26517 
24470 
26520 
26521 
26523 
26525 
26527 
26528 
26530 
26531 
26532 
26533 
26535 
26536 
26537 
26539 
26541 
26543 
26546 
26547 
26548 
26549 
26550 
26552 
26553 
26554 
26555 
26556 
26557 
24510 
26559 
26561 
26562 
24514 
26563 
26564 
24517 
26566 
26568 
26569 
26571 
26572 
26573 
26574 
26575 
24527 
26576 
26578 
26579 
26581 
26582 
26583 
26584 
24537 
26586 
26587 
24539 
26588 
26589 
26590 
26591 
26593 
26594 
26596 
26598 
26599 
26601 
26602 
26603 
26605 
26606 
26607 
26609 
26612 
26613 
26615 
26616 
26617 
26619 
26620 
26621 
26622 
)

// ************************************************************************* //
